20 16
000 000 000 000 000 000 000 000 000 000 000 000 000 000 000 000 000 000 000 000
000 000 000 000 000 000 000 000 000 000 000 000 000 000 000 000 000 000 000 000
000 000 000 000 000 000 000 000 000 000 000 000 000 000 000 000 000 000 000 000
000 000 000 000 100 100 000 000 000 000 000 000 000 000 000 440 000 000 000 000
000 000 000 100 100 100 100 000 000 000 000 000 000 000 000 000 000 000 000 000
900 000 100 100 100 100 100 100 000 000 000 000 000 000 000 000 000 000 000 000
100 100 100 100 100 100 100 100 100 100 100 100 100 100 100 100 100 000 000 000
000 000 000 000 000 000 000 000 000 000 000 000 000 000 000 000 000 000 000 000
000 000 000 000 000 000 000 000 000 000 000 000 000 000 000 000 000 000 000 000
000 000 000 000 000 000 000 000 000 000 000 000 000 000 000 000 000 000 000 000
000 000 000 410 000 000 000 000 000 000 000 000 000 000 000 000 000 000 000 000
000 000 000 000 000 000 000 000 000 000 000 000 000 000 000 000 000 000 000 000
000 000 000 000 000 000 000 000 100 100 000 000 000 000 000 100 100 100 100 100
820 000 000 000 000 000 000 100 100 100 000 000 000 000 000 100 100 100 100 100
100 100 300 300 100 100 100 100 100 100 300 300 300 300 300 100 100 100 100 100
100 100 100 100 100 100 100 100 100 100 100 100 100 100 100 100 100 100 100 100